42230121
74460137
273385286
187827003
263070154
166192600
48752755
105663942
381234
48323805
103512039
13419678
555504
13833466
71345381
104651900
207256575
36363381
75307228
276159943
93734071
112588572
71322822
10244169
148760924
270529639
275101757
262977989
272000024
273819808
57325187
7833728
275599939
273822788
202879294
3954355
95289208
52788072
41556498
194960730
50685547
214496616
274566783
43016499
195962334
15267827
190335975
262590428
10581200
270234757
19792256
37452783
648672
75996801
275243125
16284286
168662171
16422526
48592472
52329763
3608625
275702538
53434797
74021317
3304875
145288029
275406600
273844986
271379451
750578
147920903
4780917
3639597
52789367
157432544
73787185
17336364
271380890
10005245
109017985
3608625